%YAML:1.0
cameraMatrix: !!opencv-matrix
   rows: 3
   cols: 3
   dt: d
   data: [ 1.0275609535009762e+03, 0., 9.4895577594420604e+02, 0.,
       1.0285313441506958e+03, 5.5402004855137750e+02, 0., 0., 1. ]
distortionCoefficients: !!opencv-matrix
   rows: 1
   cols: 5
   dt: d
   data: [ 2.5142711445064022e-02, 5.3009743584884099e-03,
       -6.3917864722557870e-04, -3.4176587294132595e-03,
       -4.5227510588900496e-02 ]
rotation: !!opencv-matrix
   rows: 3
   cols: 3
   dt: d
   data: [ 1., 0., 0., 0., 1., 0., 0., 0., 1. ]
projection: !!opencv-matrix
   rows: 4
   cols: 4
   dt: d
   data: [ 1.0275609535009762e+03, 0., 9.4895577594420604e+02, 0., 0.,
       1.0285313441506958e+03, 5.5402004855137750e+02, 0., 0., 0., 1.,
       0., 0., 0., 0., 1. ]
