%YAML:1.0
depthShift: -3.0127810556426851e+01
