%YAML:1.0
rotation: !!opencv-matrix
   rows: 3
   cols: 3
   dt: d
   data: [ 9.9995869486459432e-01, 3.5143380770524569e-04,
       9.0821285487481633e-03, -2.5481402391430756e-04,
       9.9994338858282839e-01, -1.0637419767207921e-02,
       -9.0853527455130347e-03, 1.0634666133422854e-02,
       9.9990217533602765e-01 ]
translation: !!opencv-matrix
   rows: 3
   cols: 1
   dt: d
   data: [ -5.1442780344096793e-02, -5.8399940981030145e-04,
       -1.2189491248684523e-02 ]
essential: !!opencv-matrix
   rows: 3
   cols: 3
   dt: d
   data: [ 2.1997873267524728e-06, 1.2182590545564885e-02,
       -7.1360701542524138e-04, -1.2656363565734033e-02,
       5.4279299461096212e-04, 5.1327041444931436e-02,
       5.9708362949642156e-04, -5.1439662858261979e-02,
       5.5252240622472059e-04 ]
fundamental: !!opencv-matrix
   rows: 3
   cols: 3
   dt: d
   data: [ 1.0959714494613513e-09, 6.0806347621939472e-06,
       -1.4208655582298815e-03, -6.2996663538026495e-06,
       2.7066591339098382e-07, 1.0790741697068510e-02,
       3.7947774029923349e-03, -3.2302648885845657e-02, 1. ]
