%YAML:1.0
cameraMatrix: !!opencv-matrix
   rows: 3
   cols: 3
   dt: d
   data: [ 3.6086726692863567e+02, 0., 2.5856476714248481e+02, 0.,
       3.6021082945493453e+02, 2.1252429643442449e+02, 0., 0., 1. ]
distortionCoefficients: !!opencv-matrix
   rows: 1
   cols: 5
   dt: d
   data: [ 8.0220186124652759e-02, -1.8214774914453663e-01,
       -1.4902304406549012e-03, -1.7347392000092981e-05,
       -4.6798777151221577e-02 ]
rotation: !!opencv-matrix
   rows: 3
   cols: 3
   dt: d
   data: [ 1., 0., 0., 0., 1., 0., 0., 0., 1. ]
projection: !!opencv-matrix
   rows: 4
   cols: 4
   dt: d
   data: [ 3.6086726692863567e+02, 0., 2.5856476714248481e+02, 0., 0.,
       3.6021082945493453e+02, 2.1252429643442449e+02, 0., 0., 0., 1.,
       0., 0., 0., 0., 1. ]
