%YAML:1.0
cameraMatrix: !!opencv-matrix
   rows: 3
   cols: 3
   dt: d
   data: [ 1.0450626611775238e+03, 0., 9.6288681814219581e+02, 0.,
       1.0428215289128607e+03, 5.3926025900265256e+02, 0., 0., 1. ]
distortionCoefficients: !!opencv-matrix
   rows: 1
   cols: 5
   dt: d
   data: [ 4.8369309287655350e-02, -5.9212841756338022e-02,
       1.8833001396240695e-04, 1.4314863149263548e-03,
       1.3444160768127506e-02 ]
rotation: !!opencv-matrix
   rows: 3
   cols: 3
   dt: d
   data: [ 1., 0., 0., 0., 1., 0., 0., 0., 1. ]
projection: !!opencv-matrix
   rows: 4
   cols: 4
   dt: d
   data: [ 1.0450626611775238e+03, 0., 9.6288681814219581e+02, 0., 0.,
       1.0428215289128607e+03, 5.3926025900265256e+02, 0., 0., 0., 1.,
       0., 0., 0., 0., 1. ]
