%YAML:1.0
rotation: !!opencv-matrix
   rows: 3
   cols: 3
   dt: d
   data: [ 9.9999111195056412e-01, -1.4431478229208605e-04,
       -4.2136911512349207e-03, 1.4192142287995573e-04,
       9.9999982845271318e-01, -5.6828941039810529e-04,
       4.2137724409501767e-03, 5.6768634636996957e-04,
       9.9999096088616124e-01 ]
translation: !!opencv-matrix
   rows: 3
   cols: 1
   dt: d
   data: [ -5.2188891819791382e-02, -1.2880675818781847e-03,
       -1.3218043263731116e-02 ]
essential: !!opencv-matrix
   rows: 3
   cols: 3
   dt: d
   data: [ -3.5517001709220959e-06, 1.3217309777832222e-02,
       -1.2955676129016425e-03, -1.2998013667035175e-02,
       3.1534480354207691e-05, 5.2244116830394129e-02,
       1.2806494116842473e-03, -5.2189068754121250e-02,
       2.4230875589647075e-05 ]
fundamental: !!opencv-matrix
   rows: 3
   cols: 3
   dt: d
   data: [ -1.6990043747752993e-09, 6.3337128729927786e-06,
       -1.5610542173800637e-03, -6.2311403427827825e-06,
       1.5143746259623723e-08, 1.0835688108691273e-02,
       4.0020645881553409e-03, -3.2242698305849471e-02, 1. ]
