%YAML:1.0
cameraMatrix: !!opencv-matrix
   rows: 3
   cols: 3
   dt: d
   data: [ 3.6851765902286206e+02, 0., 2.5825194696775856e+02, 0.,
       3.6787578503838699e+02, 2.1047737349298464e+02, 0., 0., 1. ]
distortionCoefficients: !!opencv-matrix
   rows: 1
   cols: 5
   dt: d
   data: [ 1.0136568741802311e-01, -3.1064220991411912e-01,
       5.4920876921720314e-05, 4.9846400683807763e-04,
       1.3419673933565751e-01 ]
rotation: !!opencv-matrix
   rows: 3
   cols: 3
   dt: d
   data: [ 1., 0., 0., 0., 1., 0., 0., 0., 1. ]
projection: !!opencv-matrix
   rows: 4
   cols: 4
   dt: d
   data: [ 3.6851765902286206e+02, 0., 2.5825194696775856e+02, 0., 0.,
       3.6787578503838699e+02, 2.1047737349298464e+02, 0., 0., 0., 1.,
       0., 0., 0., 0., 1. ]
