%YAML:1.0
depthShift: -7.1982809906027336e+00
