('D = ', [-0.06367486089913048, 0.13205645765971125, 0.001323208949604321, 0.001143340078805591, 0.0])
('K = ', [593.7198663554544, 0.0, 313.89466672359777, 0.0, 593.141845277101, 237.9185191153147, 0.0, 0.0, 1.0])
('R = ', [1.0, 0.0, 0.0, 0.0, 1.0, 0.0, 0.0, 0.0, 1.0])
('P = ', [592.5773315429688, 0.0, 314.2699085304266, 0.0, 0.0, 592.0226440429688, 238.0608251610829, 0.0, 0.0, 0.0, 1.0, 0.0])
# oST version 5.0 parameters


[image]

width
640

height
480

[narrow_stereo]

camera matrix
593.719866 0.000000 313.894667
0.000000 593.141845 237.918519
0.000000 0.000000 1.000000

distortion
-0.063675 0.132056 0.001323 0.001143 0.000000

rectification
1.000000 0.000000 0.000000
0.000000 1.000000 0.000000
0.000000 0.000000 1.000000

projection
592.577332 0.000000 314.269909 0.000000
0.000000 592.022644 238.060825 0.000000
0.000000 0.000000 1.000000 0.000000

