('D = ', [0.03783892261457109, -0.08283925640825338, 0.0026976309403044974, 0.002317490674117381, 0.0])
('K = ', [532.5724063097373, 0.0, 318.44112235117467, 0.0, 531.9891119636801, 254.0866263529331, 0.0, 0.0, 1.0])
('R = ', [1.0, 0.0, 0.0, 0.0, 1.0, 0.0, 0.0, 0.0, 1.0])
('P = ', [533.4512939453125, 0.0, 319.27480364369694, 0.0, 0.0, 533.54150390625, 254.57547696300026, 0.0, 0.0, 0.0, 1.0, 0.0])
None
# oST version 5.0 parameters


[image]

width
640

height
480

[narrow_stereo]

camera matrix
532.572406 0.000000 318.441122
0.000000 531.989112 254.086626
0.000000 0.000000 1.000000

distortion
0.037839 -0.082839 0.002698 0.002317 0.000000

rectification
1.000000 0.000000 0.000000
0.000000 1.000000 0.000000
0.000000 0.000000 1.000000

projection
533.451294 0.000000 319.274804 0.000000
0.000000 533.541504 254.575477 0.000000
0.000000 0.000000 1.000000 0.000000

('D = ', [0.04002344159995104, -0.08435012462784476, 0.0024025625613988046, 0.001994184570220074, 0.0])
('K = ', [532.836721190253, 0.0, 318.99309321873915, 0.0, 531.9049154168639, 252.29577457876547, 0.0, 0.0, 1.0])
('R = ', [1.0, 0.0, 0.0, 0.0, 1.0, 0.0, 0.0, 0.0, 1.0])
('P = ', [534.0128173828125, 0.0, 319.64442829157633, 0.0, 0.0, 533.666748046875, 252.67316070829838, 0.0, 0.0, 0.0, 1.0, 0.0])
None
# oST version 5.0 parameters


[image]

width
640

height
480

[narrow_stereo]

camera matrix
532.836721 0.000000 318.993093
0.000000 531.904915 252.295775
0.000000 0.000000 1.000000

distortion
0.040023 -0.084350 0.002403 0.001994 0.000000

rectification
1.000000 0.000000 0.000000
0.000000 1.000000 0.000000
0.000000 0.000000 1.000000

projection
534.012817 0.000000 319.644428 0.000000
0.000000 533.666748 252.673161 0.000000
0.000000 0.000000 1.000000 0.000000


('Wrote calibration data to', '/tmp/calibrationdata.tar.gz')
('D = ', [0.04002344159995104, -0.08435012462784476, 0.0024025625613988046, 0.001994184570220074, 0.0])
('K = ', [532.836721190253, 0.0, 318.99309321873915, 0.0, 531.9049154168639, 252.29577457876547, 0.0, 0.0, 1.0])
('R = ', [1.0, 0.0, 0.0, 0.0, 1.0, 0.0, 0.0, 0.0, 1.0])
('P = ', [534.0128173828125, 0.0, 319.64442829157633, 0.0, 0.0, 533.666748046875, 252.67316070829838, 0.0, 0.0, 0.0, 1.0, 0.0])
# oST version 5.0 parameters


[image]

width
640

height
480

[narrow_stereo]

camera matrix
532.836721 0.000000 318.993093
0.000000 531.904915 252.295775
0.000000 0.000000 1.000000

distortion
0.040023 -0.084350 0.002403 0.001994 0.000000

rectification
1.000000 0.000000 0.000000
0.000000 1.000000 0.000000
0.000000 0.000000 1.000000

projection
534.012817 0.000000 319.644428 0.000000
0.000000 533.666748 252.673161 0.000000
0.000000 0.000000 1.000000 0.000000


('D = ', [0.04002344159995104, -0.08435012462784476, 0.0024025625613988046, 0.001994184570220074, 0.0])
('K = ', [532.836721190253, 0.0, 318.99309321873915, 0.0, 531.9049154168639, 252.29577457876547, 0.0, 0.0, 1.0])
('R = ', [1.0, 0.0, 0.0, 0.0, 1.0, 0.0, 0.0, 0.0, 1.0])
('P = ', [534.0128173828125, 0.0, 319.64442829157633, 0.0, 0.0, 533.666748046875, 252.67316070829838, 0.0, 0.0, 0.0, 1.0, 0.0])
None
# oST version 5.0 parameters


[image]

width
640

height
480

[narrow_stereo]

camera matrix
532.836721 0.000000 318.993093
0.000000 531.904915 252.295775
0.000000 0.000000 1.000000

distortion
0.040023 -0.084350 0.002403 0.001994 0.000000

rectification
1.000000 0.000000 0.000000
0.000000 1.000000 0.000000
0.000000 0.000000 1.000000

projection
534.012817 0.000000 319.644428 0.000000
0.000000 533.666748 252.673161 0.000000
0.000000 0.000000 1.000000 0.000000





