('D = ', [0.03783892261457109, -0.08283925640825338, 0.0026976309403044974, 0.002317490674117381, 0.0])
('K = ', [532.5724063097373, 0.0, 318.44112235117467, 0.0, 531.9891119636801, 254.0866263529331, 0.0, 0.0, 1.0])
('R = ', [1.0, 0.0, 0.0, 0.0, 1.0, 0.0, 0.0, 0.0, 1.0])
('P = ', [533.4512939453125, 0.0, 319.27480364369694, 0.0, 0.0, 533.54150390625, 254.57547696300026, 0.0, 0.0, 0.0, 1.0, 0.0])
None
# oST version 5.0 parameters


[image]

width
640

height
480

[narrow_stereo]

camera matrix
532.572406 0.000000 318.441122
0.000000 531.989112 254.086626
0.000000 0.000000 1.000000

distortion
0.037839 -0.082839 0.002698 0.002317 0.000000

rectification
1.000000 0.000000 0.000000
0.000000 1.000000 0.000000
0.000000 0.000000 1.000000

projection
533.451294 0.000000 319.274804 0.000000
0.000000 533.541504 254.575477 0.000000
0.000000 0.000000 1.000000 0.000000

