%YAML:1.0
cameraMatrix: !!opencv-matrix
   rows: 3
   cols: 3
   dt: d
   data: [ 3.6525030324791067e+02, 0., 2.5551834513770305e+02, 0.,
       3.6473254744458723e+02, 2.1183298147682655e+02, 0., 0., 1. ]
distortionCoefficients: !!opencv-matrix
   rows: 1
   cols: 5
   dt: d
   data: [ 1.1130856140699311e-01, -3.5070432587312617e-01,
       -4.8133423402136200e-04, -1.3299154675252283e-03,
       1.9633580119890995e-01 ]
rotation: !!opencv-matrix
   rows: 3
   cols: 3
   dt: d
   data: [ 1., 0., 0., 0., 1., 0., 0., 0., 1. ]
projection: !!opencv-matrix
   rows: 4
   cols: 4
   dt: d
   data: [ 3.6525030324791067e+02, 0., 2.5551834513770305e+02, 0., 0.,
       3.6473254744458723e+02, 2.1183298147682655e+02, 0., 0., 0., 1.,
       0., 0., 0., 0., 1. ]
