%YAML:1.0
rotation: !!opencv-matrix
   rows: 3
   cols: 3
   dt: d
   data: [ 9.1653978673750325e-01, 5.0686796611132318e-02,
       3.9671862569896282e-01, 3.4583073743049642e-02,
       9.7817715875419231e-01, -2.0487424704451832e-01,
       -3.9844551740188378e-01, 2.0149514818197792e-01,
       8.9478537925106261e-01 ]
translation: !!opencv-matrix
   rows: 3
   cols: 1
   dt: d
   data: [ -6.6980793155628560e-01, 8.7618157862659279e-02,
       2.4646027118611382e+00 ]
essential: !!opencv-matrix
   rows: 3
   cols: 3
   dt: d
   data: [ -1.2014459957500108e-01, -2.3931634444442369e+00,
       5.8333307146884772e-01, 1.9920244760730501e+00,
       2.5988586480574855e-01, 1.5770881448064484e+00,
       -1.0346954481246520e-01, -6.5963190314777664e-01,
       1.0246664046849133e-01 ]
fundamental: !!opencv-matrix
   rows: 3
   cols: 3
   dt: d
   data: [ 8.0971688484365640e-06, 1.6151667548880012e-04,
       -5.0642928555797113e-02, -1.6392142985572285e-04,
       -2.1416070481009151e-05, -9.7944964437497771e-04,
       6.2587875651548358e-02, 6.1953627638917401e-03, 1. ]
