%YAML:1.0
cameraMatrix: !!opencv-matrix
   rows: 3
   cols: 3
   dt: d
   data: [ 2.8034979837898018e+03, 0., 7.7425974331028215e+02, 0.,
       2.2960858704059169e+03, 3.0079907286756702e+02, 0., 0., 1. ]
distortionCoefficients: !!opencv-matrix
   rows: 1
   cols: 5
   dt: d
   data: [ 2.3506799261744264e+00, -4.7311342748391816e+00,
       2.8040122032803960e-01, 1.3413912695782668e-01,
       -1.6407949495763930e+01 ]
rotation: !!opencv-matrix
   rows: 3
   cols: 3
   dt: d
   data: [ 1., 0., 0., 0., 1., 0., 0., 0., 1. ]
projection: !!opencv-matrix
   rows: 4
   cols: 4
   dt: d
   data: [ 2.8034979837898018e+03, 0., 7.7425974331028215e+02, 0., 0.,
       2.2960858704059169e+03, 3.0079907286756702e+02, 0., 0., 0., 1.,
       0., 0., 0., 0., 1. ]
