%YAML:1.0
depthShift: -1.5287405498709321e+01
